READ TERR 1 2
! batSNR5flux
0.0209999871253967	0.02	-0.02	5.04665057673983e-08	2.66422450491558e-09	-2.66422450491558e-09
0.0610000085830689	0.02	-0.02	2.92072321012425e-08	2.36800216807964e-09	-2.36800216807964e-09
20.5610000014238	20.4799999999997	-20.4799999999997	9.50674262078536e-10	1.58727478078711e-10	-1.58727478078711e-10
51.2810000014541	10.2399999999999	-10.2399999999999	1.98372096936058e-08	3.41046772684694e-09	-3.41046772684694e-09
NO NO NO NO NO NO
! xrtpcflux_nosys
241478.142	14500.048	-32300.412	3.42867565334324e-13	9.54755167186545e-14	-9.54755167186545e-14
279988.669	22488.316	-19933.069	2.90805287557907e-13	8.08828080585523e-14	-8.08828080585523e-14
382958.660	74857.671	-76642.852	1.21493534854528e-13	4.09239053673467e-14	-4.09239053673467e-14
572292.983	417603.221	-109556.976	7.58891612540976e-14	2.74818417635264e-14	-2.29639035581826e-14
